101, 869, 2141, 1051
478, 869
2139, 1006, 2141, 1051, 2143, 2557, 2478, 991
1789, 869, 2139
2152, 2141
1023, 101, 869
1728, 101, 869, 2162, 1006
2518, 2152, 2141, 1051, 1006, 2162
1688, 2141
2350, 869, 2141, 1051, 1006
1607, 1006, 2154, 2472
2137, 1006, 2154, 2472
105, 2141, 1688, 101, 869, 2162, 1551
1681, 2141, 1051
693, 2141, 1688, 101, 869, 2162, 1006, 2154
2528, 693, 2141, 1688, 101, 2449, 649, 1006, 2154
208, 693, 2141, 1688, 101, 2449, 649, 1006, 2154
955, 693, 2141, 1688, 101, 2449, 649, 1006, 2154
879, 693, 2141, 1688, 101, 2449, 649, 1006, 2154, 208
2422, 693, 2141, 1688, 101, 2449, 649, 1006, 2154, 2472, 2423
2138, 1006
2201, 1551, 478, 869, 1023, 2449, 649, 1006, 2154, 2472, 1607
2555, 2577, 2166, 1742, 869, 2162, 1006, 2154, 2472
2492, 991
2450, 869, 2141, 1051, 1006, 2154, 2472, 991, 2532
2466, 2141, 1688, 101, 869, 2162, 1006, 2154, 2472, 2555, 2577, 2166, 1742
2519, 869
2576, 2166, 2141, 1688, 101, 869, 2162, 1006, 2154, 2472, 2555, 2577
2578, 2166, 2141, 1688, 101, 869, 2162, 1006, 2154, 2472, 2555
2579, 2141, 1688, 101, 869, 2162, 1006, 2154, 2472, 991, 2532, 2499, 2483
2456, 1006, 2141, 1051, 2143, 2557, 2478, 991, 2532, 2499, 2483
2545, 2578, 2166, 2141, 1051, 1006, 2154, 2472, 991, 2532, 2550
2574, 869, 2141, 1051, 1006, 2154, 2472, 991, 2532
1885, 2532
103, 1006, 2154, 2472